__version__:
  serializer: 1
  data: 1
CameraIntrinsics:
  CameraMatrix:
    CX: 483.461395263672
    CY: 289.137115478516
    FX: 890.143615722656
    FY: 889.439270019531
  Distortion:
    K1: -0.0872214064002037
    K2: 0.10374690592289
    K3: -0.0258360169827938
    P1: -0.00144664163235575
    P2: 0.00149188365321606
