__version__:
  serializer: 1
  data: 1
CameraIntrinsics:
  CameraMatrix:
    CX: 966.922790527344
    CY: 578.274230957031
    FX: 1780.28723144531
    FY: 1778.87854003906
  Distortion:
    K1: -0.0872214064002037
    K2: 0.10374690592289
    K3: -0.0258360169827938
    P1: -0.00144664163235575
    P2: 0.00149188365321606
